30
521 574
126 745
1376 1393
952 42 1067
701 774
625 382
1493 1375
1060 299 750
727 536
657 639
1921 1842
514 800 132
567 867
16 140
1751 1489
916 1166 612
854 567
231 480
1545 1549
972 349 177
854 720
580 322
1595 1730
170 96 376
690 503
835 334
1376 1372
932 155 493
651 824
31 302
1787 1830
968 836 1103
606 965
632 2
1580 1938
809 1038 1189
509 693
428 154
1609 1745
57 1124 950
950 991
720 497
1985 1360
432 394 903
699 985
404 183
1923 1350
1008 591 339
552 501
554 62
1783 1469
106 30 282
548 831
95 300
1704 1726
628 254 114
966 988
358 881
1516 1902
440 574 921
580 769
855 18
1860 1446
986 484 419
529 810
469 848
1442 1994
692 171 776
685 833
782 892
1962 1803
827 725 1096
849 730
861 385
1948 1923
547 169 845
551 746
743 40
1848 1414
231 185 1113
506 524
899 812
1685 1979
779 851 252
716 589
143 227
1710 1549
1122 1185 521
874 600
258 449
1314 1893
749 433 953
516 652
33 468
1804 1991
1066 309 496
867 998
882 41
1516 1746
343 882 761
697 762
415 113
1666 1487
46 822 447
903 809
710 144
1568 1810
72 1076 791
893 948
607 446
1636 1898
318 404 66
790 541
142 734
1596 1983
649 670 187
711 963
197 323
1686 1804
989 697 772